255.626 314.816 7439.19
315.602 368.359 7507.03
745.143 446.078 4207.47
284.869 210.8 7409.96
765.424 463.168 4210.08
310.5 348.495 4337.46
3222.46 18.7358 6749.38
7153.6 21.8018 5386.89
7065.6 10.7953 3513.4
9311.36 11.5745 714.767
5322.55 2.64628 9816.4
5103.79 6.15205 8432.6
911705 11.2702 8733.56
9151.33 24.0616 2532.7
6986.37 32.7228 5732.86
3148.39 46.0834 4185.41
8835.27 1.78621 5024.25
4691.27 28.1631 912.42
4443.01 7.47648 2441.86
3328.52 5.97788 8698.24
2455.97 29.3464 7280.11
2644.74 25.9442 5891.51
8303.66 10.4357 7244.85
10004.5 13.9313 708.564
1790.73 3.42989 3498.62
589.974 11.0374 2931.89
546.158 4.00216 2947.24
644.533 7.39552 2938.57
