745.143 446.078 4207.47
251.396 216.093 7442.76
165.505 478.69 6097.31
762.878 451.51 4129.66
205.518 482.34 6535.86
7105.84 11.7403 3550.15
6453.18 10.5965 5959.34
3081.65 24.9447 8321.65
5322.55 2.64628 9816.4
8858.48 7.53848 4747.26
5395.74 8.29463 9738.06
9311.8 14.013 727.883
8982.02 30.177 691.435
2455.97 29.3464 7280.11
6986.37 32.7228 5732.86
267.931 341.972 4311.23
4363.04 17.9743 1618.83
4197.14 16.1424 6672.85
4575.64 9.79988 1719.41
6345.2 9.70578 9694.48
5459.33 5.30083 8533.14
6392.35 9.08615 6013.47
10004.5 13.9313 708.564
4994.1 27.0668 5061.05
4792.55 10.0174 1786.85
655.115 2.1735 2898.95
677.268 2.74446 2871.41
600.602 0.656911 2944.9
